{
 "width":1920,
 "height":1080,
 "top":45,
 "left":324,
 "bottom":71,
 "right":325,
 "opacity":1.0000000,
 "messagex":0.200000,
 "messagey":0.200000
}