{
   "width":1920,
   "height":1080,
   "top":0,
   "left":545,
   "bottom":0,
   "right":545,
   "opacity":1.0000000,
   "messagex":0.220000,
   "messagey":0.120000
}
