{
 "width":1920,
 "height":1080,
 "top":186,
 "left":484,
 "bottom":184,
 "right":486,
 "opacity":1.0000000,
 "messagex":0.200000,
 "messagey":0.200000
}