{
 "width":1920,
 "height":1080,
 "top":45,
 "left":304,
 "bottom":43,
 "right":299,
 "opacity":1.0000000,
 "messagex":0.200000,
 "messagey":0.200000
}