{
   "width":1920,
   "height":1080,
   "top":113,
   "left":361,
   "bottom":98,
   "right":359,
   "opacity":1.0000000,
   "messagex":0.220000,
   "messagey":0.120000
}