{
 "width":1920,
 "height":1080,
 "top":101,
 "left":461,
 "bottom":128,
 "right":458,
 "opacity":1.0000000,
 "messagex":0.200000,
 "messagey":0.200000
}