{
   "width":1920,
   "height":1080,
   "top":100,
   "left":320,
   "bottom":144,
   "right":320,
   "opacity":1.0000000,
   "messagex":0.220000,
   "messagey":0.120000
}