{
   "width":1920,
   "height":1080,
   "top":28,
   "left":426,
   "bottom":119,
   "right":433,
   "opacity":1.0000000,
   "messagex":0.220000,
   "messagey":0.120000
}