{
   "width":1920,
   "height":1080,
   "top":41,
   "left":351,
   "bottom":106,
   "right":370,
   "opacity":1.0000000,
   "messagex":0.220000,
   "messagey":0.120000
}