{
   "width":1920,
   "height":1080,
   "top":70,
   "left":342,
   "bottom":86,
   "right":347,
   "opacity":1.0000000,
   "messagex":0.220000,
   "messagey":0.120000
}