{
   "width":1920,
   "height":1080,
   "top":51,
   "left":476,
   "bottom":134,
   "right":478,
   "opacity":1.0000000,
   "messagex":0.220000,
   "messagey":0.120000
}