{
   "width":1920,
   "height":1080,
   "top":196,
   "left":462,
   "bottom":207,
   "right":462,
   "opacity":1.0000000,
   "messagex":0.220000,
   "messagey":0.120000
}