{
   "width":1920,
   "height":1080,
   "top":72,
   "left":285,
   "bottom":176,
   "right":272,
   "opacity":1.0000000,
   "messagex":0.220000,
   "messagey":0.120000
}