{
   "width":1920,
   "height":1080,
   "top":116,
   "left":628,
   "bottom":118,
   "right":631,
   "opacity":1.0000000,
   "messagex":0.220000,
   "messagey":0.120000
}