{
   "width":1920,
   "height":1080,
   "top":88,
   "left":508,
   "bottom":143,
   "right":157,
   "opacity":1.0000000,
   "messagex":0.220000,
   "messagey":0.120000
}