{
 "width":1920,
 "height":1080,
 "top":61,
 "left":201,
 "bottom":45,
 "right":423,
 "opacity":1.0000000,
 "messagex":0.200000,
 "messagey":0.200000
}